01279060887
01179745009
01038363265
01267715924
01125190936
01078048256
01040091124
01278792317
01100159078
01106212170
01128329666
01086746807
01015510244
01143098947
01040955831
01209147601
01245949839
01152552776
01160258655
01220951372
01118015949
01228639757
01278615271
01048468997
01121702872
01187793892
01282571218
01211116743
01155671152
01285395391
01267000705
01214847274
01066327272
01172833844
01040823505
01057726667
01287294042
01263636826
01061521894
01122118011
01227199549
01243706107
01124387297
01079922461
01223671404
01121093360
01027086589
01139194410
01167039921
01066239087
01211491608
01000964959
01195996431
01236050279
01169479418
01160741139
01076922544
01293999463
01194162578
01067903862
01116416170
01275054467
01142732153
01098128027
01152046724
01240709879
01002662664
01124215161
01094174151
01104600504
01183628307
01295756754
01051164822
01136362478
01251162069
01128421029
01122663259
01170368060
01288907139
01236572316
01093496413
01109521172
01295769231
01264422511
01038654054
01030188357
01086427341
01221029554
01279358823
01033309717
01083224619
01243835323
01126767210
01236116561
01270139615
01159947114
01226514008
01108830407
01275280972
01035841675
01285069751
01216690253
01196327245
01151773579
01122650445
01239019127
01246967983
01113631175
01292281088
01292770908
01215085196
01238244602
01184621614
01171148023
01296504565
01048930758
01179823257
01120221085
01233216821
01284778795
01239007375
01160812281
01222080019
01032292827
01188429021
01043389021
01116055580
01051184956
01140341966
01236892063
01075068555
01083604900
01149717794
01099088982
01194881039
01080821443
01201556011
01229022019
01077436500
01290843745
01182525049
01200370596
01286106932
01116932221
01079483422
01290319771
01052167473
01238996450
01234374299
01092918244
01237304033
01260985035
01275916184
01242885988
01147501291
01162172439
01091640078
01028346358
01137159218
01221705260
01125106629
01065853813
01296769161
01070125918
01263098458
01110578743
01015716204
01073120148
01053724765
01185555704
01145663475
01157256994
01280859960
01172935403
01221330118
01067810053
01119802600
01259405247
01254496262
01097082309
01263688637
01073690093
01076649000
01176521869
01253124194
01009235289
01297142467
01074831099
01248768303
01285519500
01191665580
01005867869
01079101853
01289719399
01119221179
01248885597
01261592050
01291847738
01095350699
01239493746
01085169853
01257648331
01268121200
01079383616
01043167086
01180905154
01272976423
01204052504
01076929332
01184423428
01182247754
01261897855
01100651010
01250187682
01068518312
01223469931
01141942398
01217248794
01175662717
01208486283
01275818294
01130378883
01141408106
01063816493
01261513539
01051439222
01103662327
01098286358
01050102110
01189244629
01242080082
01103779055
01130682655
01276901624
01176843424
01121396007
01096259513
01260598173
01248153745
01280591000
01280594801
01055235131
01116507113
01228406791
01173592245
01226018543
01274775759
01084281262
01030392981
01011795614