836
0
0
31
25
0
73
0
53
37
0
0
424
0
0
94
72
0
34
0
61
79
0
0
673
0
0
21
19
0
79
0
42
57
0
0
253
0
0
58
23
0
45
0
16
23
0
0
742
0
0
84
56
0
97
0
35
55
0
0
482
0
0
36
99
0
77
0
87
57
0
0
232
0
0
22
39
0
26
0
22
75
0
0
436
0
0
11
86
0
93
0
29
65
0
0
579
0
0
68
33
0
36
0
65
99
0
0
321
0
0
97
31
0
95
0
86
29
0
0
466
0
0
34
13
0
97
0
65
95
0
0
649
0
0
72
71
0
11
0
43
62
0
0
234
0
0
33
22
0
16
0
98
68
0
0
868
0
0
25
27
0
99
0
93
95
0
0
629
0
0
71
34
0
71
0
52
82
0
0
86
0
0
77
36
0
84
0
76
24
0
0
121
0
0
69
46
0
53
0
62
36
0
0
329
0
0
45
59
0
77
0
98
67
0
0
181
0
0
91
47
0
59
0
65
89
0
0
76
0
0
53
68
0
15
0
97
33
0
0
474
0
0
61
26
0
22
0
24
41